%YAML:1.0
---
R_CI: !!opencv-matrix
   rows: 3
   cols: 3
   dt: d
   data: [ 1.0, 0.0, 0.0, 0.0, 1.0, 0.0, 0.0, 0.0, 1.0 ]
F: !!opencv-matrix
   rows: 3
   cols: 3
   dt: d
   data: [ 1000.0, 0.0, 320.0, 0.0, 1000.0, 240.0, 0.0, 0.0, 1.0 ]
C: !!opencv-matrix
   rows: 1
   cols: 5
   dt: d
   data: [ 0.0, 0.0, 0.0, 0.0, 0.0 ]
